0.032367 0.122871 0.206613
-0.015171 0.997805 -0.057221
-0.008406 -0.626039 -0.184175
0.001991 0.500818 -0.120961
-0.046197 -0.134315 -0.211083
0.001506 -0.358711 0.216570
-0.172197 0.186969 -0.085173
0.212956 -0.128675 0.029876
-0.210229 -0.386070 -0.051771
0.165140 0.181182 -0.102112
0.195614 -0.594746 0.079793
-0.190221 -0.092629 0.102813
-0.114207 -0.628700 0.122204
0.159203 -0.372721 -0.146002
-0.012791 0.724744 0.082458
-0.057507 0.387748 0.130737
0.043922 -0.122099 0.210987
0.195146 -0.362918 0.090668
0.143859 0.374671 0.023935
-0.005037 0.088665 -0.216502
-0.054099 -0.379717 -0.210042
-0.168766 0.121588 0.124291
-0.192326 -0.602008 -0.079896
0.144320 -0.050584 -0.160551
-0.192094 -0.032973 -0.098674
0.201178 0.076081 0.076107
-0.013575 0.294345 -0.164103
-0.173826 -0.300930 0.126702
0.176130 -0.575587 -0.123469
0.043623 -0.551666 0.210776
-0.104862 0.555119 0.034437
0.095290 0.561672 0.054282
-0.138731 0.381617 -0.042464
0.021524 -0.602230 -0.004279
-0.179996 -0.217642 -0.119042
0.043035 0.824362 -0.056937
-0.130603 -0.463824 0.170649
-0.021914 0.668645 -0.089713
0.135289 0.232084 0.118634
0.107072 -0.212079 -0.188652
-0.077898 -0.000044 0.200398
0.156086 -0.216306 0.149682
-0.020268 0.897618 0.067107
0.069515 -0.486834 -0.204058
0.211425 -0.265978 -0.041884
-0.150315 0.275933 0.077922
-0.210701 -0.507590 0.046473
0.214947 -0.472894 -0.014245
-0.089877 -0.195167 0.195437
-0.115129 -0.519867 -0.182784
0.124105 -0.000999 0.175681
-0.032522 0.249233 0.172458
-0.214327 -0.212298 0.020258
0.114161 0.327138 -0.108511
0.206330 0.033254 -0.064050
-0.216987 0.065367 0.000059
0.121578 -0.440928 0.177540
0.086746 0.700019 -0.007632
-0.130666 0.070566 -0.171108
0.069446 0.443988 0.111790
0.123338 0.079006 -0.176651
-0.074452 0.794611 -0.007566
0.110409 0.488325 -0.053314
0.190363 -0.154774 -0.102598
-0.086146 -0.253746 -0.197364
-0.076952 0.186027 -0.175954
0.072233 -0.621458 0.107191
0.052500 -0.246969 0.209857
0.059907 0.325675 0.144798
0.175981 0.251499 -0.002602
0.061189 -0.333865 -0.207658
0.030467 -0.028127 -0.213140
0.056811 0.188392 -0.183572
-0.008471 0.537090 0.112925
-0.071694 -0.615017 -0.079286
0.060693 0.984504 0.035226
-0.090097 0.677612 0.007671
-0.159756 -0.330133 -0.145419
-0.055957 0.399757 -0.128896
0.143318 -0.626922 -0.024598
-0.105692 0.490239 -0.062955
-0.119726 0.284255 -0.117985
0.073140 0.605271 -0.071579
0.136735 0.124890 0.157905
-0.107157 -0.039283 -0.188662
-0.189427 -0.620257 0.037833
-0.068743 -0.561908 0.203903
-0.078165 0.134790 0.190316
0.171368 -0.099329 0.129768
-0.204644 -0.398032 0.067992
-0.192309 0.178602 0.024146
0.193552 -0.477847 0.094192
-0.122980 0.445974 0.044677
-0.187842 -0.487284 -0.108573
-0.216713 -0.100351 -0.002517
0.079299 -0.624245 -0.112525
0.126951 -0.332367 0.173497
0.203507 0.145419 -0.008423
-0.188720 0.014646 0.106434
0.053076 0.815710 0.049273
-0.054300 0.891787 -0.044336
-0.088539 -0.307413 0.195991
-0.026363 -0.465727 0.213207
0.049040 0.406531 -0.130134
-0.173206 -0.196465 0.127509
0.027056 -0.010268 0.213207
0.141103 -0.563069 0.162301
0.215500 -0.368893 -0.010927
0.182437 -0.472473 -0.115533
0.209765 -0.028657 0.054109
0.207883 -0.254480 0.059919
-0.050691 0.992446 0.042808
-0.077044 -0.609032 0.021468
0.058710 -0.125918 -0.208685
-0.105828 -0.095707 0.188829
-0.143330 -0.134578 -0.161391
-0.087330 0.593167 -0.056421
-0.168592 0.272038 -0.020071
0.031414 0.635968 0.091325
0.051403 0.924588 -0.047974
0.210656 -0.067242 -0.047727
-0.135678 -0.424879 -0.167218
-0.004927 -0.628700 0.170813
-0.173565 -0.550190 0.126638
0.017320 -0.241021 -0.214870
-0.211451 -0.286817 -0.042494
-0.194465 0.082067 -0.092949
-0.026163 -0.487186 -0.213578
-0.119921 0.210470 0.141409
0.168543 -0.261143 -0.133830
-0.120029 -0.613319 -0.160379
0.086244 -0.583168 -0.196490
0.215460 -0.571080 -0.009088
0.120444 0.466418 0.039602
0.048336 0.209787 0.180531
-0.025884 0.761187 -0.074800
-0.062418 0.620949 0.076747
-0.139533 -0.376047 0.163924
0.181997 0.162384 0.077971
0.126030 0.400845 -0.061801
-0.143872 0.359553 0.042376
0.131203 0.319631 0.088824
-0.208948 -0.165138 -0.057985
0.107706 0.242211 -0.140823
-0.213477 -0.020201 0.026722
-0.088591 0.302436 0.136534
0.184138 0.099096 -0.113507
-0.005561 0.583993 -0.105386
-0.009743 -0.610936 0.087745
0.026451 -0.414579 -0.213650
-0.029103 0.806341 0.067176
-0.068958 0.479377 0.103343
-0.211236 -0.292752 0.043734
0.060886 0.897716 0.035232
-0.212710 -0.467721 -0.032096
0.117446 -0.150096 0.180790
-0.010118 -0.187205 0.215451
-0.044102 0.016443 -0.211359
-0.133268 0.063345 0.168730
-0.024930 0.066603 0.213501
-0.149677 -0.035246 0.156139
0.140449 -0.139758 -0.163521
0.106714 -0.413896 -0.188782
0.046489 0.730089 -0.068973
-0.186095 -0.468543 0.110534
0.196909 -0.336781 -0.086794
0.164555 0.023461 -0.139028
-0.021916 -0.079402 0.213898
0.213902 -0.186526 -0.023076
-0.056067 -0.569354 -0.209503
-0.066578 -0.395364 0.205088
0.090650 0.072254 0.195073
0.050026 -0.450036 0.210104
0.155768 0.254997 -0.078599
-0.026387 -0.305137 -0.213691
0.193380 -0.165548 0.094933
0.098208 0.624998 0.006963
0.134637 -0.506935 -0.167763
-0.005271 0.445304 0.131130
-0.149214 0.140224 -0.141500
-0.015674 0.326168 0.155887
-0.214988 -0.554334 -0.013692
0.179951 0.016816 0.118582
0.101080 -0.076450 0.190752
0.064559 0.039122 -0.206261
0.153122 0.327988 -0.034580
0.123735 -0.304202 -0.176346
0.203365 -0.412272 -0.071172
0.006111 -0.613193 -0.099383
0.210787 -0.421309 0.046128
0.108711 -0.617793 0.041667
-0.190343 -0.107338 -0.102903
0.215427 0.043487 0.011110
0.059540 0.297334 -0.152555
-0.039342 -0.057839 -0.211985
-0.203496 -0.159216 0.070766
-0.022165 -0.280142 0.213865
0.061842 0.728825 0.055601
0.017052 -0.561551 -0.214638
0.178835 -0.285320 0.120035
0.108221 0.554477 -0.022003
-0.011820 0.159185 -0.199360
0.127601 0.150302 -0.156239
0.060194 0.117652 -0.203342
-0.145925 -0.627538 -0.019530
-0.169271 -0.552881 -0.132608
-0.207353 0.102310 0.061371
0.062296 0.531875 -0.096248
0.076702 0.771358 -0.010766
-0.166499 0.205440 0.085707
0.063386 0.515172 0.098947
0.204966 -0.529786 -0.066791
0.091268 -0.615743 0.176104
-0.066896 0.958229 -0.021504
-0.076635 0.117749 -0.196546
-0.129709 -0.248902 0.171461
0.098967 -0.506765 0.191440
-0.183032 -0.416736 -0.115049
0.210542 -0.528326 0.046615
-0.156379 0.008751 -0.149820
-0.105225 -0.326755 -0.189461
-0.070921 0.743839 0.040628
0.143599 -0.625819 0.114686
-0.203954 0.128799 -0.041820
0.114596 -0.264657 0.182977
0.054719 0.993088 -0.036887
-0.060014 0.860750 0.023683
0.102430 0.383608 0.102504
0.075332 -0.386412 0.201418
0.077829 -0.611071 -0.044969
-0.070587 0.256318 -0.158914
-0.127796 -0.583342 0.171975
-0.007174 0.228497 -0.181421
-0.012558 0.173070 0.195107
-0.119651 -0.196964 -0.179561
-0.081190 -0.449138 -0.199335
0.186572 -0.076134 -0.110335
-0.122798 0.217243 -0.137312
-0.209966 0.025580 -0.053762
-0.158195 -0.064509 -0.147453
0.031602 0.386491 0.140103
-0.097940 0.348828 -0.116071
-0.139656 -0.150993 0.163829
0.167317 -0.416214 0.135013
0.214912 -0.306960 0.015016
-0.103921 0.422058 -0.087659
-0.020284 0.844047 -0.076167
-0.063928 0.709234 -0.057694
-0.055025 0.539888 -0.099466
0.004155 0.357027 -0.150647
-0.198660 -0.238171 0.082440
0.150206 -0.628700 -0.093210
-0.111023 0.360249 0.099962
0.155097 -0.499696 0.150709
-0.140936 -0.265088 -0.163229
0.010172 0.960607 0.068977
0.149499 0.060208 0.156196
-0.214805 -0.351713 0.016626
0.110668 0.184323 0.157196
0.077139 0.460994 -0.101867
0.165342 0.243910 0.062367
-0.194973 -0.336622 -0.091724
-0.045719 -0.198717 -0.211146
0.046586 0.663155 -0.080886
-0.140884 0.324213 -0.071087
0.052335 -0.320287 0.209878
-0.134011 -0.628700 -0.084683
0.160504 -0.197421 -0.144307
-0.121047 0.500078 -0.001609
0.159446 0.303518 0.030304
0.194532 -0.217531 -0.092531
0.090971 -0.021892 -0.195322
0.215959 -0.016749 -0.007443
0.201275 -0.592796 -0.068388
-0.099087 -0.101930 -0.192004
0.184866 -0.541682 0.111796
0.052725 -0.189003 -0.210209
-0.054084 0.474368 -0.113152
-0.074659 -0.624696 0.170151
-0.084316 -0.495588 0.197573
0.068139 -0.179836 0.204397
0.072865 -0.266100 -0.202821
-0.204781 -0.565910 0.066952
0.209783 0.094119 -0.054360
-0.212734 -0.046727 -0.032742
0.076857 0.840844 -0.008120
0.007511 0.998552 0.007443
-0.011864 0.937453 -0.069150
0.201485 -0.085871 0.075365
-0.036694 -0.603976 -0.024587
0.076625 0.258217 0.155473
-0.182682 -0.278707 -0.115543
-0.099312 0.617204 0.008986
0.079481 0.671150 0.046043
0.043395 0.576414 0.096918
-0.215630 -0.423772 0.010101
-0.122930 -0.623778 0.058665
0.045258 -0.607239 0.051561
0.175131 -0.628700 0.027135
-0.061870 0.932430 0.033255
-0.204082 -0.530460 -0.069175
-0.208071 -0.225611 -0.060101
-0.050767 -0.142893 0.210099
-0.131920 0.436987 -0.014337
0.122468 -0.613134 -0.158646
0.160416 -0.041767 0.144042
0.182447 0.203077 -0.048746
-0.178088 -0.406687 0.121139
-0.058338 0.563222 0.092048
-0.198387 -0.335862 0.083098
0.102479 -0.089576 -0.190555
-0.065921 -0.628700 -0.140536
0.152093 -0.431904 -0.154527
-0.008772 0.440622 -0.132020
0.211397 -0.130238 -0.042101
-0.011202 -0.574268 0.215019
0.212283 -0.199069 0.034986
0.035410 0.058748 0.212107
-0.155649 0.243904 -0.086408
-0.178169 -0.612308 0.095248
-0.176138 0.234204 0.035047
-0.127757 0.149134 0.156236
-0.068451 -0.614569 0.079330
-0.062361 0.678580 0.065641
0.131333 0.440796 -0.011997
-0.099475 0.417442 0.094627
0.008011 -0.359127 -0.216096
0.022351 0.770784 0.074472
0.010755 0.849278 0.074989
-0.181537 0.213758 -0.034691
0.215534 -0.071866 0.010295
-0.132109 -0.521418 0.169371
0.052632 -0.628700 -0.163313
-0.069874 0.190104 0.177330
0.003230 -0.096045 -0.216725
0.004009 -0.416291 0.216220
-0.102447 0.017710 -0.190611
-0.202440 -0.610022 -0.017119
0.022850 0.272290 0.167887
0.176318 0.107615 0.120803
0.186740 0.200689 0.020629
-0.082016 0.656803 -0.046221
-0.072734 -0.253509 0.202538
-0.100413 0.507296 0.064118
0.197755 -0.018519 -0.084753
-0.156458 -0.099139 0.149337
-0.215633 -0.155197 0.010339
-0.159227 0.308995 0.022886
-0.201515 -0.045101 0.075547
-0.078881 0.062028 0.199991
-0.047210 0.616211 -0.088644
0.160875 -0.161616 0.143442
0.094710 -0.563096 0.193102
-0.029332 -0.432066 -0.213255
0.192935 0.145624 -0.064309
-0.023123 -0.603498 0.030735
0.115341 0.517115 0.018923
-0.186416 0.069273 0.110294
0.124320 0.411058 0.059921
0.077402 0.012982 0.200560
-0.207630 0.037645 0.060782
-0.182292 -0.163357 -0.116050
-0.062577 0.836813 -0.039765
0.007377 -0.511607 0.215616
-0.187926 0.151810 0.071706
0.032752 0.691579 0.081753
-0.138186 -0.314442 0.164957
-0.027874 -0.015921 0.213113
-0.155424 -0.503541 -0.150790
-0.072840 0.308233 -0.144312
-0.176677 -0.141616 0.122986
0.071351 0.357615 -0.132528
-0.021320 0.121770 0.208396
-0.102951 0.543184 -0.044904
0.213132 0.097698 0.028540
0.162846 -0.363129 0.140873
0.007505 0.036688 -0.216163
0.056365 0.246109 -0.167532
0.212108 -0.320224 -0.036698
0.118738 0.021087 -0.180181
-0.001678 -0.163108 -0.216943
-0.209837 -0.453858 0.053726
-0.010327 0.589391 0.103434
-0.185923 0.030397 -0.111318
-0.209928 -0.094929 0.053672
-0.085855 0.248924 0.154215
0.092129 0.132337 0.185239
0.133046 -0.559730 -0.168871
0.036506 -0.611396 0.198542
0.073827 0.615556 0.067586
0.205410 -0.471184 -0.065976
0.027631 -0.293753 -0.213514
-0.209854 -0.099545 -0.054619
0.187912 -0.219574 0.108133
-0.160628 -0.606950 -0.127913
0.032245 -0.062346 0.212524
0.083052 0.660793 -0.041944
0.194984 -0.617223 -0.022262
0.115804 -0.209446 0.182051
-0.089235 -0.441319 0.195635
0.205708 -0.317106 0.065171
0.021663 0.873323 -0.066867
-0.061589 0.065024 -0.207535
0.096917 0.394460 -0.104101
0.104985 0.290984 0.127272
-0.043974 -0.328650 0.210994
-0.170825 -0.352084 0.130611
-0.081685 0.730720 -0.014634
-0.127292 0.256261 0.119235
0.015092 0.492254 0.120499
-0.075267 -0.050987 0.201488
0.126146 -0.390259 0.174114
-0.184985 0.137951 -0.089426
-0.015550 0.654910 0.092192
0.177185 -0.525000 -0.122234
0.093286 0.477869 0.082472
0.062376 -0.539898 -0.206919
-0.031702 -0.252563 -0.212991
-0.110970 -0.385346 -0.186223
0.070197 0.948058 0.001823
-0.096973 -0.357259 0.192497
0.131854 -0.251753 -0.170116
-0.034383 -0.622904 0.129909
-0.075600 -0.610409 -0.188155
0.194827 -0.269289 -0.091822
0.203227 0.026194 0.071160
-0.153032 -0.379058 -0.153946
0.153029 0.160436 0.126622
0.048991 -0.074543 -0.210701
0.120582 -0.354039 -0.178765
-0.071658 -0.505078 -0.203182
0.026078 0.775508 -0.072666
0.216732 -0.235541 0.001193
0.101496 0.192727 -0.161798
0.028047 -0.622658 0.129993
-0.093351 -0.613239 -0.034598
-0.122509 0.000732 0.176986
-0.082409 -0.167636 -0.198912
0.066519 -0.386558 -0.205450
0.098734 -0.163351 -0.192106
-0.164841 0.086132 -0.138793
0.213732 -0.423627 -0.024105
0.165577 -0.324333 -0.137696
0.020541 -0.471286 -0.214332
-0.134321 -0.199844 0.167922
0.189236 -0.029457 0.104938
0.211890 -0.371003 0.037972
-0.211659 0.118388 0.005466
-0.152217 0.341978 -0.017013
-0.215003 -0.246358 -0.015510
0.181125 -0.419653 -0.117390
0.024810 0.622623 -0.096506
-0.211828 -0.335262 -0.039630
0.078852 -0.608881 0.003482
0.111027 -0.462041 -0.185974
-0.173521 -0.252537 0.127099
-0.001785 -0.236553 0.216548
0.064165 0.882882 -0.027843
-0.154811 -0.180564 -0.151864
-0.095886 -0.147946 0.192947
-0.001297 -0.135813 0.216612
-0.114834 -0.567445 -0.182910
-0.157391 0.167296 0.118034
0.215545 -0.523851 -0.009040
-0.194451 -0.511134 0.092131
-0.119102 0.122209 -0.172853
0.027659 0.962474 -0.064384
-0.202142 -0.449744 -0.074213
-0.216095 -0.506543 -0.005889
0.195696 -0.410743 0.089308
0.096506 0.340149 0.119187
-0.116823 0.105726 0.180092
-0.061347 0.342070 0.140066
0.143529 0.374268 -0.027514
0.130870 0.365221 0.070248
0.067927 0.771727 0.038026
-0.132720 0.321180 0.086384
0.126061 0.274918 -0.113401
0.152676 -0.267106 0.153758
0.023180 0.913795 0.065857
-0.161536 -0.491461 0.142476
-0.124499 -0.469032 -0.175703
0.092518 -0.031115 0.194299
-0.210474 0.077007 -0.049911
0.139313 0.214263 -0.121313
0.209980 -0.471055 0.051607
-0.037767 -0.608984 0.200269
0.086615 0.561586 -0.066208
-0.063936 0.796561 0.038932
-0.035530 0.998552 -0.008404
-0.178053 -0.043836 0.121192
0.069190 -0.435009 -0.204287
0.141964 -0.085520 0.161977
-0.161426 0.018895 0.142860
0.174034 -0.019478 -0.126674
-0.009875 0.719412 -0.083930
0.113285 0.445081 -0.067552
0.144697 0.274761 0.088797
-0.042184 -0.525605 0.211023
0.141973 0.310825 -0.076442
-0.066249 0.762667 -0.043070
-0.045954 0.344797 -0.146148
0.144745 -0.628700 0.069423
-0.162635 -0.450791 -0.141538
0.171822 -0.591828 0.124818
-0.058703 0.438044 0.118790
0.163449 0.069155 -0.140469
0.046089 0.578307 -0.095824
-0.152931 -0.425494 0.153596
0.158925 -0.102326 -0.146365
0.051847 0.161138 0.193111
-0.128045 0.402659 0.055763
-0.214047 -0.199145 -0.022768
-0.042069 0.803005 -0.060904
-0.069896 0.907319 -0.005284
0.030927 -0.603072 -0.205458
0.189927 0.045999 -0.103650
0.031685 0.458398 -0.125308
-0.215706 0.017797 -0.010171
0.171776 -0.460213 0.129079
0.025673 -0.284755 0.213389
-0.029318 0.494342 0.118239
0.078446 -0.284138 0.200128
0.008841 -0.626103 -0.143164
-0.012690 0.384184 0.143119
0.111832 -0.622505 -0.071687
-0.112967 -0.405704 0.184304
-0.086155 0.586498 0.059380
0.059285 -0.496527 0.207897
0.159730 0.135146 -0.130016
0.090790 0.151173 -0.180411
0.054098 0.940307 0.044080
0.211057 -0.581341 0.040840
0.045132 -0.611318 -0.079171
0.164257 0.277431 -0.041837
0.210180 -0.219904 -0.051339
0.201646 0.139145 0.035769
0.194325 0.120572 0.079078
-0.023392 -0.607651 -0.067794
0.129692 0.359855 -0.076019
-0.012235 0.025076 0.215172
-0.216904 -0.312079 -0.001064
-0.032203 0.954095 0.062163
-0.035439 0.193432 -0.187013
-0.062314 -0.328527 -0.207236
0.094868 0.518583 0.067677
-0.006855 0.398338 -0.141124
-0.155981 0.283147 -0.059909
0.081240 0.078375 -0.199352
-0.142167 0.396015 -0.001932
-0.214318 -0.064062 0.020327
-0.148792 -0.609951 0.139302
0.022621 -0.514121 -0.213985
-0.033672 0.763872 0.070811
-0.194648 0.168200 -0.027961
0.092468 -0.346577 0.194319
-0.213273 -0.574462 0.026072
-0.101222 0.462618 0.077113
-0.196054 -0.293884 0.088730
-0.120302 0.367860 -0.085497
-0.029160 0.852099 0.061180
-0.057344 0.282485 0.156918
-0.067456 0.522075 0.094248
0.013084 0.125895 -0.208671
0.041038 0.080075 -0.211748
-0.111754 0.166297 -0.162871
-0.074878 -0.015898 -0.202031
-0.050540 -0.197360 0.210129
0.096019 0.593355 -0.038561
-0.199838 -0.264706 -0.079977
-0.109267 0.560433 -0.006854
-0.033282 -0.617808 -0.112589
0.207400 -0.171385 -0.061466
0.179627 -0.327072 0.119004
0.103608 0.582451 0.019048
0.001029 0.226641 0.182303
0.181857 0.066658 0.116098
-0.076112 0.503012 -0.092562
-0.024667 -0.528735 -0.213705
-0.213035 -0.253549 0.030073
-0.119675 0.442290 -0.055013
0.040461 0.336480 -0.150480
-0.177430 -0.367737 -0.122387
0.029043 -0.209094 0.212946
-0.150471 -0.225538 -0.155912
-0.193075 -0.563805 -0.095603
0.104094 -0.523880 -0.189668
0.074307 0.725310 -0.038943
0.019172 0.269950 -0.169345
-0.208016 -0.198617 0.059854
0.011211 -0.604230 -0.045887
0.084482 -0.431616 0.197577
-0.196481 -0.196496 -0.088084
0.090265 0.219905 0.160259
0.000302 0.808735 -0.073850
0.022927 0.534774 -0.111800
0.156632 0.195842 0.106411
-0.139114 -0.030921 -0.164627
0.101419 0.437939 0.085043
0.197681 -0.106101 -0.084931
-0.201557 -0.065444 -0.075826
-0.113708 -0.287160 -0.184121
0.143501 -0.005068 -0.161179
0.060098 0.763837 -0.050696
0.000952 -0.318021 0.216644
0.081629 -0.131162 0.198810
-0.006228 -0.010975 -0.216345
0.213855 0.068168 -0.023429
0.050324 -0.628700 0.164584
-0.211877 -0.424493 -0.038987
-0.000620 0.998052 0.057910
-0.205781 -0.006162 0.065245
0.155991 0.007359 0.149808
-0.046870 -0.430930 0.210567
-0.161938 0.085969 0.142193
-0.148406 0.191733 -0.119446
0.177177 0.199714 0.063654
0.121834 0.090558 0.177423
-0.215833 -0.466838 0.008006
0.213589 0.024614 -0.025444
0.036544 -0.385951 0.211958
0.153831 0.338099 0.010574
-0.050564 0.721388 0.066986
0.154936 -0.314251 0.151182
-0.044243 0.970329 -0.054403
0.047398 0.497730 -0.111063
0.081114 0.727984 0.020544
-0.084097 0.655584 0.041282
0.134469 -0.602264 0.158783
0.200858 -0.130938 0.076880
-0.057111 -0.097126 0.209009
0.065308 -0.085152 0.205570
0.208553 -0.362168 -0.058682
0.114146 0.042677 0.183323
0.061883 0.851925 0.036087
0.107246 -0.623229 0.080795
-0.097995 -0.626452 -0.106474
0.187102 -0.306103 -0.109644
-0.031396 0.117006 -0.208810
0.039930 -0.620295 -0.119621
-0.114111 -0.617263 0.011144
0.062284 -0.227044 -0.207204
-0.110985 -0.550466 0.185518
-0.035050 -0.602336 -0.205357
0.066834 0.809274 -0.029506
-0.022221 0.895931 -0.066679
0.215469 -0.104800 -0.011167
0.213986 -0.498367 0.020833
0.187744 -0.070020 0.108426
0.152624 -0.610430 -0.133946
-0.050131 0.152685 -0.196169
0.182725 -0.367759 -0.115348
-0.110893 -0.053005 0.185899
-0.196944 -0.376101 -0.086964
-0.086270 0.463133 -0.094386
0.014189 0.810712 0.071408
0.117141 0.507240 -0.020032
0.180921 -0.118575 -0.117700
-0.078312 -0.293742 -0.200609
-0.145166 -0.573640 -0.159623
-0.088485 -0.595585 0.191641
-0.067221 0.573801 -0.083272
0.088105 0.494885 -0.084284
-0.209710 -0.581560 -0.051999
0.016708 0.998552 -0.032236
0.193148 -0.258152 0.095494
-0.065049 -0.086127 -0.206103
-0.178524 -0.626558 -0.042611
0.123430 -0.048476 0.176198
0.035292 0.423987 0.131567
-0.168426 0.270418 0.024058
-0.171657 -0.023072 -0.129909
-0.149194 -0.554560 0.156191
-0.065714 0.101592 0.205445
0.093695 0.295705 -0.134916
0.135724 0.416111 0.017099
0.103113 0.525998 -0.052182
-0.017878 0.284048 0.165601
0.128505 -0.528205 0.172041
-0.045135 -0.628574 -0.173548
0.017355 -0.469489 0.214372
0.210514 -0.015899 -0.048803
-0.092134 0.392274 -0.108459
-0.166975 -0.118599 -0.136012
-0.055668 0.893809 0.042171
0.209842 -0.165918 0.053526
-0.029808 -0.389627 0.212858
-0.215638 -0.378120 -0.010690
0.132923 -0.394467 -0.169296
-0.154616 -0.628700 0.017435
-0.160919 0.045999 -0.143904
0.215646 -0.151008 -0.009821
0.147235 -0.463295 0.157807
0.020857 0.697294 -0.085618
0.176532 -0.625879 -0.054145
-0.207151 -0.011168 -0.062320
-0.056389 0.674774 -0.071306
0.075207 -0.217964 0.201470
-0.201412 -0.302256 -0.076178
0.213983 -0.269882 0.022074
0.124736 0.478770 0.003489
0.168958 -0.159358 -0.133290
-0.076571 0.706579 0.039988
0.126594 -0.620615 0.008586
-0.201335 0.141837 0.033101
-0.198167 -0.434019 0.083497
-0.182863 -0.072621 -0.115306
0.022284 -0.133354 -0.214217
0.024627 0.350657 0.148986
0.161845 -0.535530 0.141814
-0.025063 0.057073 -0.213865
-0.159669 -0.628700 0.064172
-0.055822 0.028826 0.209434
-0.070914 -0.625137 0.121976
-0.093913 0.624894 -0.030649
-0.124478 -0.079690 -0.175858
0.181610 0.134767 -0.099672
-0.032215 0.415129 0.133831
0.142608 0.046643 -0.161865
0.031953 0.877686 0.062223
0.215284 -0.435135 0.011786
0.099352 0.115627 -0.187742
0.009998 -0.059167 -0.215834
-0.210196 -0.364994 0.051641
-0.118571 0.292349 0.115976
0.028646 0.534797 0.110661
-0.042747 0.151339 0.197144
0.179740 -0.502378 0.118584
0.047188 0.474077 0.115643
-0.206201 -0.485308 -0.064258
0.064963 0.994309 -0.001215
0.138339 0.115064 -0.160556
0.199397 -0.511572 0.079933
-0.037524 0.213507 0.180969
0.071108 0.810812 0.017284
0.118315 -0.113071 0.180124
0.162679 0.300147 -0.012213
-0.067842 0.438512 -0.114900
-0.083488 -0.360608 -0.198465
-0.095380 0.060233 -0.193540
0.168236 0.267719 0.029888
0.060267 0.088835 0.207658
0.035588 0.160892 -0.195730
-0.211209 -0.135260 0.043949
0.073700 0.380944 0.125289
-0.141875 0.222066 0.114320
0.136035 -0.183069 0.166527
0.067133 -0.591504 0.202034
-0.068327 0.989164 0.004954
0.155383 -0.126155 0.150599
-0.213356 -0.537911 0.025912
0.215883 0.102393 -0.007600
0.152531 -0.478238 -0.154093
0.083695 0.169504 0.177494
-0.075177 -0.218030 -0.201907
-0.102440 -0.228932 0.190232
0.204080 -0.296487 -0.069481
0.213509 -0.001887 0.025674
0.075450 0.424391 -0.112637
-0.145355 0.117410 0.154036
-0.213564 0.016109 0.026056
-0.194742 -0.187420 0.091899
0.064402 0.697294 -0.059805
0.122152 -0.628700 -0.125897
-0.183166 0.224169 0.000941
-0.190751 -0.378971 0.101535
-0.090544 -0.543600 -0.195289
-0.214037 -0.140807 -0.022849
-0.070946 -0.414694 -0.203640
-0.068139 0.220517 -0.169674
-0.002102 -0.041018 0.216506
0.147008 0.340028 0.045934
0.182811 -0.605934 -0.096438
0.195324 -0.495848 -0.090216
-0.044454 0.933876 -0.054241
0.091619 0.661238 0.013635
-0.188692 -0.523199 -0.106362
0.199994 -0.559066 0.078282
0.206042 -0.218770 0.064365
0.155545 -0.538752 -0.150399
0.086389 -0.473585 0.196711
0.085643 -0.619669 -0.174034
-0.006499 -0.400683 -0.216309
0.072889 0.557769 0.082008
0.035004 -0.168560 0.212161
-0.038895 0.246728 -0.172635
-0.120720 0.479638 0.032614
-0.189965 -0.571195 0.102698
-0.160067 0.306801 -0.020849
0.070038 0.908326 -0.003408
-0.200503 -0.410623 -0.078342
0.185640 0.011407 -0.111549
0.181660 -0.189138 -0.116737
-0.171268 0.247812 -0.046140
-0.063144 0.862857 -0.015373
-0.000580 0.092493 0.216706
0.015193 -0.101271 0.214769
-0.012667 0.536971 -0.112775
0.028575 -0.613261 0.095613
0.023905 0.211252 -0.183735
-0.197987 -0.121849 0.084063
0.083348 -0.307670 -0.198480
0.035601 0.371723 -0.143241
-0.001639 0.687509 0.089222
-0.163959 0.241581 0.067485
-0.134012 0.422983 0.020094
-0.103336 0.094536 -0.190244
-0.107397 0.256787 -0.136535
-0.039263 0.506463 -0.112677
0.053346 0.659084 0.076068
-0.090730 0.541163 0.066490
-0.037175 -0.608018 0.064369
-0.017693 -0.567654 -0.214558
-0.112958 -0.133526 -0.184696
0.007421 -0.197166 -0.216174
-0.157423 -0.220328 0.148078
-0.212526 0.073912 0.033939
0.054876 -0.031545 0.209545
-0.025740 0.620259 0.096399
0.110075 -0.130479 -0.186828
0.027446 0.726136 0.078713
-0.078953 0.761745 0.003767
0.008586 0.323027 -0.157934
0.022315 0.918699 -0.066597
0.211675 -0.391629 -0.039985
0.099911 -0.628700 0.127386
0.145468 -0.282392 -0.159670
0.172565 0.236642 -0.050070
0.133376 -0.094386 -0.168948
0.074644 -0.529854 0.201474
0.210720 -0.502247 -0.045977
0.192077 -0.545088 -0.097841
0.098949 0.047327 -0.192017
-0.058369 -0.284779 0.208487
-0.109423 -0.280913 0.187027
0.190744 -0.443772 0.101120
-0.169103 -0.247583 -0.133238
-0.056404 0.831357 0.042069
0.209623 -0.561663 -0.053542
0.079878 -0.062596 -0.199916
-0.025392 -0.349542 -0.213822
-0.041098 -0.241983 0.211372
-0.104137 0.172642 0.166206
-0.154719 -0.286038 0.151602
0.049690 -0.572628 -0.210323
0.129102 -0.489445 0.171665
0.088411 -0.352089 -0.196383
0.116406 -0.041251 -0.181970
-0.151364 0.304085 0.057789
-0.069909 0.830921 0.009203
0.167937 0.208069 -0.080535
-0.168287 -0.450174 0.133791
-0.097992 0.026817 0.192075
-0.193225 0.099780 0.095562
0.181570 0.220863 -0.019165
-0.216054 -0.022873 -0.007525
0.184696 -0.387517 0.112399
-0.181496 0.112506 -0.112301
-0.149238 -0.536824 -0.156576
0.190731 0.186351 -0.019919
-0.148047 -0.628700 0.096987
0.014328 0.659826 -0.091997
-0.012225 0.636390 -0.095945
-0.140432 0.286249 -0.090227
0.203588 -0.609564 0.009921
0.184107 -0.138190 0.113165
0.170968 -0.620474 0.089707
0.065261 -0.002114 -0.205971
-0.106875 -0.620048 -0.065879
0.017471 -0.326409 -0.214850
0.199567 0.074652 -0.080378
-0.102383 -0.423966 -0.190602
-0.101093 -0.623692 0.091195
0.170804 -0.250120 0.130502
0.122541 -0.184029 -0.177263
0.115677 0.150636 0.164888
-0.170826 -0.012015 0.130610
0.210856 0.064322 0.045826
-0.115279 0.320401 -0.109796
-0.201042 -0.138303 -0.077070
0.144260 0.181689 -0.129102
0.011512 -0.604946 0.052061
0.124860 0.265051 0.118647
0.035829 0.302153 0.158923
-0.132174 -0.332535 -0.169952
0.214399 -0.398729 0.018911
-0.086903 0.377314 0.116248
0.079221 0.265949 -0.152681
0.024629 0.180930 0.191395
-0.134952 0.249753 -0.112315
-0.086078 0.692014 -0.022464
0.159117 -0.230949 -0.146115
-0.066112 -0.360921 0.205281
0.111796 -0.274174 -0.185507
-0.124195 -0.230908 -0.176074
-0.054428 -0.486077 0.209478
0.157053 0.099944 0.148423
-0.205498 -0.268362 0.065929
-0.114329 0.518380 0.025566
0.054619 0.852099 -0.042324
0.117852 0.214972 0.141406
-0.131162 0.015161 -0.170728
-0.070742 0.222043 0.167774
0.195619 -0.613101 0.048312
0.211596 -0.097035 0.040202
0.077455 0.292870 0.145891
0.214271 -0.169481 0.019881
0.134612 -0.242842 0.167618
-0.214759 0.094380 -0.017361
-0.201551 0.072785 0.075461
0.069955 0.871083 0.003650
0.133495 -0.215183 -0.168857
0.079727 0.412519 0.112046
-0.049718 -0.464150 -0.210517
-0.058963 -0.535168 -0.208385
-0.029178 0.373192 -0.143773
0.190064 -0.104212 0.102936
0.101080 0.424544 -0.090384
-0.041784 -0.628461 0.173877
-0.187099 0.171482 -0.059964
-0.127316 0.466051 0.003240
-0.187346 -0.222265 0.109081
0.157010 0.282961 0.056902
0.006655 0.750004 -0.080285
0.038139 0.974605 0.058625
-0.048437 0.595022 0.091443
0.179017 -0.227165 -0.120180
-0.090386 0.614737 0.043048
-0.192906 -0.021107 0.096331
-0.120134 -0.618653 0.152937
-0.164832 -0.621618 -0.098805
0.203110 -0.284967 0.071442
0.094638 0.632920 -0.024708
0.152068 0.242592 0.092439
0.172446 -0.197484 0.128363
0.109597 0.550293 0.016794
-0.181018 0.205695 0.050477
0.055040 0.631491 -0.080574
0.216326 -0.333059 -0.004658
-0.004859 0.930174 0.069691
0.104369 -0.300914 0.189391
0.016357 0.608157 0.099583
0.112768 -0.617721 -0.031566
0.045224 0.844090 0.063335
0.040092 -0.353560 0.211490
-0.094677 0.231383 -0.154323
-0.118950 0.487338 -0.033437
-0.064027 0.964420 0.028048
-0.065546 0.642608 -0.070341
-0.113575 -0.488188 0.183663
0.141837 -0.415953 0.162047
-0.005716 -0.608177 0.205117
0.054775 -0.605566 -0.017977
0.207261 0.119987 -0.034990
-0.177800 -0.509751 0.121229
-0.076885 -0.131209 -0.201200
0.195523 0.167546 0.021464
0.011684 -0.548455 0.214986
0.196650 -0.448383 -0.087223
-0.101328 -0.628700 -0.138936
0.149234 -0.584396 -0.155623
-0.023907 0.470320 -0.123947
-0.118271 -0.334765 0.180238
-0.034855 0.679064 0.082905
0.148153 -0.344709 -0.157609
-0.033359 -0.104772 -0.212773
-0.031683 0.462415 0.124108
-0.126155 -0.165836 -0.174570
-0.017593 0.998552 0.027571
0.213709 -0.043912 -0.024534
-0.160377 -0.063130 0.144228
-0.168250 0.217200 -0.073685
-0.129180 -0.628700 -0.116465
-0.212146 -0.395659 0.036828
0.110213 0.495019 0.050072
-0.178470 0.142170 0.101657
-0.034538 0.696716 -0.080627
-0.089491 0.339134 0.124952
0.168095 -0.065924 -0.134413
-0.042157 -0.054758 0.211233
0.117160 -0.581944 0.180325
-0.125309 0.401913 -0.063180
0.135556 -0.294302 0.166893
-0.011010 -0.458112 -0.215623
0.059197 -0.415342 0.208080
-0.089376 -0.068207 -0.196026
0.017002 0.836247 -0.070911
-0.019406 -0.216303 -0.214609
-0.149118 0.360565 0.008602
0.094690 0.608388 0.035073
0.106323 0.357886 -0.107043
-0.065293 0.369590 -0.132225
-0.182381 -0.456887 -0.115788
0.141816 -0.626923 0.035659
0.147394 -0.170215 -0.158192
0.120177 -0.587516 -0.177135
-0.113932 0.520975 -0.025173
-0.159529 0.050405 0.145332
-0.088351 0.525880 -0.074406
0.164311 0.104885 -0.138099
-0.108750 0.070065 0.187544
0.200961 -0.060280 -0.077014
-0.136561 -0.627286 -0.053199
-0.137588 0.183102 0.136935
-0.069416 0.034610 -0.204294
-0.192580 0.002822 -0.097500
-0.158486 -0.131554 0.146692
0.200894 -0.054400 0.076792
-0.035892 0.868372 -0.054573
0.101510 -0.555252 -0.190681
0.006593 0.184006 -0.193327
-0.159174 -0.392651 0.145796
-0.012493 -0.601951 0.001166
0.135547 0.184775 0.137954
-0.124736 -0.116864 0.175278
0.048836 0.021751 0.210340
0.039225 -0.372533 -0.211987
-0.133763 -0.065384 0.168351
-0.180255 -0.330341 -0.118705
0.084828 0.636557 0.047046
-0.039531 -0.014575 -0.211960
-0.212060 -0.498874 -0.036633
-0.211483 -0.324008 0.041862
-0.114618 -0.170977 0.183041
-0.030275 0.352640 0.147815
-0.092795 -0.614398 0.047934
-0.134349 0.412091 -0.035056
-0.164023 -0.417824 -0.139819
-0.034005 0.421641 -0.132628
-0.040519 0.924473 0.056880
0.087779 0.326018 -0.130459
0.083119 -0.614500 0.063038
0.215749 -0.269875 -0.009036
0.052367 -0.605340 0.019457
-0.053792 0.282509 -0.158764
-0.006598 0.786446 0.075280
0.204329 -0.244894 -0.068881
0.190529 -0.043212 -0.102198
-0.164932 -0.289470 -0.138675
-0.038948 -0.557281 0.211396
-0.213221 -0.180158 0.028664
0.101839 0.243929 0.144400
0.058445 0.953339 -0.038795
0.195804 -0.185142 -0.089462
0.063809 0.130322 0.197585
-0.085052 0.709464 0.010355
0.000314 0.415637 0.137912
-0.175528 -0.628700 -0.010753
-0.071588 -0.530129 0.202783
-0.093245 -0.477078 -0.194290
-0.104448 0.580569 0.015992
0.081568 0.736252 -0.009151
0.135930 0.025953 0.166607
-0.152450 -0.344281 0.154011
0.122623 0.467665 -0.034105
0.082624 -0.617076 -0.079520
0.191268 0.042221 0.100031
0.086263 0.018507 -0.197272
0.073901 -0.628700 0.143656
0.207911 -0.394032 0.059851
-0.038476 0.536090 0.106662
0.209524 -0.438100 -0.055880
-0.050734 0.312010 0.152124
0.053809 0.238143 0.170371
0.075754 -0.056703 0.201243
0.171837 -0.017592 0.129155
0.001553 -0.597682 -0.212048
0.087525 -0.628700 -0.144876
0.214572 -0.541608 0.015827
0.211674 -0.332771 0.039614
0.081379 0.632650 -0.053612
-0.161221 0.156180 -0.118442
-0.201349 -0.535646 0.075368
-0.216608 -0.281869 0.002931
0.070205 0.212699 -0.171025
-0.127195 0.030600 0.173391
-0.199488 -0.464819 0.080173
0.192372 -0.399354 -0.097747
0.090937 -0.162132 0.194954
0.212637 -0.051182 0.032302
-0.194024 -0.238470 -0.094014
-0.105426 -0.596184 -0.184766
0.134484 0.415340 -0.028109
0.023866 0.998552 0.032930
-0.094562 0.647073 0.008276
0.018918 0.023364 0.214279
0.026854 0.452595 0.126763
-0.035153 0.582403 -0.099620
0.046752 0.794496 -0.058484
0.037527 0.027236 -0.212211
-0.202326 0.111975 -0.066749
0.193661 -0.001651 0.094253
0.007409 -0.271600 -0.216175
0.048934 0.766382 0.060703
0.045034 0.605958 0.090905
0.149884 -0.387641 0.155899
-0.206928 -0.602962 0.019102
-0.064741 -0.223429 0.205848
0.101290 -0.234210 0.190666
0.102016 -0.378446 0.190365
-0.041900 -0.603835 0.006455
-0.160005 -0.161762 0.144712
0.179525 0.229548 0.017458
-0.213446 0.053896 -0.027339
0.194219 -0.326778 0.092907
0.212836 -0.236581 0.030783
-0.063020 0.797858 -0.040259
0.063143 0.049288 0.206467
-0.192685 -0.149748 0.096863
0.041498 -0.606027 -0.044615
-0.202009 -0.601309 0.057033
-0.215751 -0.065425 -0.009826
-0.066080 -0.609168 -0.045660
-0.213813 -0.113299 0.024165
0.056691 -0.612490 -0.194149
-0.022015 -0.215090 0.213884
-0.113215 0.331753 0.107715
-0.038839 0.083422 -0.212051
-0.073883 0.336791 -0.136601
-0.115103 0.395853 0.081756
0.080223 0.698223 0.034106
-0.182914 0.059578 -0.115239
0.211272 -0.096413 -0.043047
-0.101374 0.599971 -0.014929
-0.086308 0.158320 -0.180124
-0.088216 0.444617 0.097305
0.019572 -0.628700 -0.175116
0.033209 0.998552 -0.007079
-0.139252 0.340625 0.064547
0.147032 -0.311834 -0.158470
0.074967 0.586735 0.073754
0.128476 -0.425553 -0.172662
-0.142225 0.347822 -0.053489
-0.211803 -0.427140 0.039130
0.051654 -0.510805 -0.210169
-0.045873 0.315391 -0.153657
0.009490 0.985074 -0.069176
-0.037699 -0.357575 0.211820
0.145224 0.241278 -0.102281
-0.136886 -0.492049 0.165768
-0.028993 -0.173140 -0.213348
0.078804 -0.103722 -0.200361
-0.093428 0.288717 -0.137276
-0.176432 -0.591108 0.119255
0.015575 0.575593 0.105159
0.055794 -0.041865 -0.209806
0.126216 0.295775 0.104549
-0.015597 0.263952 -0.171346
-0.121847 0.188733 -0.147603
-0.186568 -0.434759 0.110009
-0.209270 -0.229930 0.056825
0.215513 -0.397809 -0.010833
0.181765 0.170812 -0.073052
-0.144449 -0.093848 -0.160533
-0.211271 -0.047137 0.043472
-0.076423 -0.128262 0.201009
0.015269 -0.585588 0.213650
-0.064780 -0.045584 -0.206214
0.093841 -0.104170 0.193751
0.167215 -0.447255 -0.135442
-0.029058 -0.500051 0.212794
0.169025 0.047061 0.132821
0.171038 0.145049 0.110300
0.074208 -0.152315 -0.202265
0.143581 -0.025511 0.160736
0.047955 0.880773 -0.051474
0.093605 0.222813 -0.157773
0.066038 0.924953 0.022938
-0.069841 0.646023 0.064873
-0.138704 -0.293669 -0.164942
0.204051 -0.134280 -0.069554
-0.099363 0.573046 -0.039869
-0.015186 -0.538402 0.214556
0.141220 0.398205 -0.004628
0.047255 0.273963 -0.163747
0.023598 0.418943 -0.134543
0.116097 0.447189 0.060389
-0.006079 -0.620440 0.126274
0.143173 -0.352416 0.161049
0.036713 -0.261927 -0.212318
-0.042743 0.651270 0.084031
0.215789 0.071969 0.008352
-0.211280 -0.551251 -0.041892
0.104037 0.587729 -0.009064
0.201051 -0.185908 0.076414
0.097945 0.099707 0.192051
0.101308 0.471391 -0.074425
-0.122268 -0.358206 -0.177553
-0.213894 -0.583923 -0.017455
-0.052161 0.746682 -0.061954
-0.109554 0.132939 0.175973
-0.208389 -0.197163 -0.059332
-0.131444 -0.500181 -0.170308
-0.210223 -0.252738 -0.051812
0.208956 -0.594622 -0.032406
0.083777 -0.255392 0.197920
-0.041401 -0.616369 0.103151
-0.015587 -0.126798 -0.215112
-0.142071 0.382284 0.025470
-0.041897 0.998469 -0.036046
-0.001375 -0.428986 -0.216940
-0.192033 -0.267552 0.098439
-0.100658 -0.517716 0.190764
-0.190002 -0.317922 0.103343
0.105749 -0.406469 0.188814
0.059908 -0.295102 -0.208188
0.142346 0.338313 -0.058626
-0.205489 -0.309295 0.065953
0.136986 -0.628359 -0.060197
0.163900 -0.507083 -0.139597
-0.156478 -0.256435 0.149310
0.056572 0.695082 0.066965
0.198888 -0.376810 -0.082015
0.098227 -0.496359 -0.192148
0.009757 -0.602385 0.024020
0.112835 -0.006122 -0.184711
-0.176163 -0.113425 0.123656
0.013527 0.319369 0.157771
0.047168 0.434843 -0.124617
-0.213575 0.044304 0.025968
0.145539 0.317772 0.063174
-0.201786 0.153369 -0.005074
-0.147811 0.243924 0.097575
-0.050780 -0.606224 0.035308
-0.106540 0.269689 0.132734
-0.180532 -0.594504 -0.112364
-0.153006 0.317708 -0.045825
-0.092754 -0.621331 -0.168718
-0.064861 0.094092 -0.206181
0.053060 -0.457298 -0.210074
-0.022013 0.981921 0.066384
0.182821 0.071102 -0.115223
-0.044190 0.185376 0.187641
-0.207423 -0.352094 -0.061665
-0.067312 -0.461612 0.204678
-0.016400 0.965085 -0.068553
-0.081830 0.163054 0.180168
-0.154040 -0.007102 0.152486
0.048245 0.363019 0.140427
0.022598 0.662511 0.090131
0.170929 -0.397252 -0.130722
0.213521 -0.294417 -0.025958
-0.136079 -0.407348 0.166566
-0.041488 -0.406948 -0.211697
-0.212961 -0.484329 0.029603
-0.139679 0.106247 -0.162751
0.050016 0.265207 0.164597
-0.005794 0.868372 -0.068039
0.031175 0.095641 0.212665
0.006006 0.469288 -0.126488
-0.202760 0.044540 -0.072921
0.067151 -0.352331 0.204807
0.191133 -0.574975 -0.099989
0.114169 0.349324 0.099679
-0.189745 0.197749 -0.004972
-0.063635 0.919807 -0.029376
0.068083 0.655122 -0.065125
-0.021329 -0.116715 0.213975
0.010194 0.065431 -0.215808
-0.148402 -0.468643 -0.157362
0.020823 0.238065 -0.177190
0.041732 -0.152999 -0.211656
-0.196531 -0.590083 0.081825
-0.197062 0.034805 0.086296
-0.172310 -0.502572 -0.128785
-0.211077 -0.071407 -0.045328
-0.124484 0.340788 -0.089915
0.201200 -0.448479 0.075859
-0.004709 0.778914 -0.076798
0.148418 0.085073 -0.157406
0.003691 -0.445494 0.216212
-0.125223 0.461141 -0.027207
-0.004260 0.473214 0.125595
0.123199 0.181551 -0.148891
0.122070 -0.628700 -0.096573
-0.215735 -0.173921 -0.009945
-0.094242 -0.628700 0.141249
0.085014 -0.198280 -0.197790
-0.111631 0.395597 -0.086756
0.204207 -0.001684 0.068793
-0.158068 0.210900 -0.098479
0.114726 0.301022 -0.117201
0.003409 0.151797 0.202178
0.119741 -0.358331 0.179029
0.087551 0.527519 -0.074812
-0.128183 -0.025826 0.172632
-0.038944 0.833780 -0.058771
-0.057264 -0.628700 0.149241
0.079511 -0.514936 -0.199867
0.146567 0.280250 -0.084267
-0.113616 -0.445507 0.183722
-0.092493 0.108042 0.192565
0.043754 0.551273 -0.101928
-0.086607 0.552698 -0.068920
0.005883 0.881972 0.069542
-0.125112 0.370636 0.077841
0.086075 -0.461091 -0.197246
-0.191025 0.170557 0.050300
-0.019422 0.321757 -0.156823
-0.180810 0.043493 0.117599
-0.105666 -0.017256 0.188896
-0.031645 -0.628700 -0.149735
0.098631 -0.377104 -0.192149
-0.081051 0.403867 0.113362
0.068977 0.578030 -0.080909
0.212171 0.032332 0.035833
0.070150 0.480158 0.102160
0.114217 0.533703 -0.004405
0.109955 0.410726 0.083097
-0.044308 0.721457 -0.072158
0.189749 0.170965 0.053289
0.161517 -0.562762 0.142167
-0.054814 -0.234225 -0.209948
-0.059100 -0.592730 0.204953
-0.160056 -0.576440 0.144171
-0.178096 0.092777 0.121137
0.019197 0.246292 0.174942
0.197159 0.156630 -0.032357
0.193803 0.116347 -0.083842
-0.037877 0.090432 0.211796
-0.116200 -0.306701 0.181827
-0.135071 0.165112 -0.145376
0.212162 -0.542464 -0.034507
-0.212534 0.005692 -0.034259
-0.117576 0.049034 -0.181153
-0.081629 -0.585864 -0.198000
-0.119690 -0.260857 -0.179532
0.023281 -0.628700 0.162758
-0.163357 0.113017 -0.135704
0.090081 -0.196161 0.195309
0.205490 -0.361151 0.065695
-0.169441 -0.145356 -0.132797
-0.192939 0.145441 -0.064688
0.030877 0.001046 -0.213086
0.171111 -0.628122 0.053863
-0.065650 -0.606815 -0.006108
-0.060061 -0.621107 -0.114055
-0.072995 -0.334949 0.202429
-0.188357 -0.064592 0.107314
0.123075 -0.155505 -0.176853
0.101305 -0.329012 -0.191041
0.163522 0.213344 0.087145
0.162400 -0.293337 -0.141837
0.209762 -0.554644 0.052193
0.214390 -0.352100 0.018982
-0.216880 -0.128421 0.000871
0.173798 -0.628700 0.000260
-0.092220 0.487672 0.080934
0.084849 -0.238303 -0.197857
0.000809 -0.005565 0.216662
0.063564 -0.617722 0.185249
-0.173964 0.179623 0.085633
-0.076029 0.618589 -0.064435
-0.174849 0.256908 0.001226
0.009198 0.054009 0.215558
-0.113256 0.537675 0.006771
0.212932 -0.241770 -0.030434
-0.107308 0.238507 0.141998
0.030654 -0.524482 0.212529
-0.136776 -0.057498 -0.166421
0.151358 0.346698 -0.014587
-0.206729 -0.483584 0.062610
-0.178992 0.005283 -0.120351
0.191054 -0.298855 0.100549
0.091208 0.313462 0.131173
-0.058019 0.251432 0.165064
-0.047539 0.868765 0.051492
0.034477 0.987938 -0.060437
-0.215822 -0.442523 -0.008791
0.101963 0.011722 0.190387
-0.215297 -0.336006 -0.013275
0.153284 0.303861 -0.053421
0.028517 -0.426036 0.212977
0.129470 0.435079 0.034599
0.023424 -0.440954 -0.214004
-0.101722 -0.255755 0.190530
0.185100 -0.332428 -0.112253
-0.013439 0.827617 0.069528
-0.136031 -0.398402 -0.166992
-0.058491 -0.278230 -0.208819
-0.116677 -0.444417 -0.181756
0.128693 0.243798 -0.122786
-0.141616 0.087603 0.162324
0.209681 0.097807 0.054751
0.108116 -0.534541 0.187601
-0.152260 0.137541 0.138394
-0.009447 0.756874 0.078639
0.157187 -0.189290 0.148247
0.176054 -0.170156 0.123660
0.070875 -0.609369 0.040271
-0.070485 0.933267 -0.000813
-0.102913 0.197849 0.158691
-0.013395 0.204608 0.186534
0.029276 -0.094614 -0.213296
0.159220 -0.443374 0.145490
0.210765 0.056701 -0.046898
-0.213631 0.098798 0.025548
-0.157770 -0.517000 0.147313
-0.149397 -0.353242 -0.156736
-0.110536 0.480540 0.056752
0.038056 0.053441 -0.212141
0.185668 -0.574666 0.110660
0.214497 -0.079685 -0.018550
0.209299 -0.040788 -0.056881
-0.105722 -0.158568 -0.189255
0.214205 -0.567672 0.018273
-0.198261 -0.077017 0.083402
-0.191458 -0.299464 -0.100208
0.114110 -0.471388 0.183208
0.005229 -0.066103 0.216080
-0.093419 0.206827 -0.163143
-0.028630 -0.307614 0.213014
-0.103148 -0.224921 -0.190322
0.132149 -0.473615 -0.169743
0.034486 -0.489059 0.212085
-0.031085 0.554422 -0.106622
0.212380 -0.452039 -0.034008
-0.113652 -0.198766 0.183782
-0.064757 0.983747 -0.026419
0.107249 0.267166 -0.133288
0.044783 0.501455 0.110997
-0.054385 0.769531 0.056080
-0.163513 -0.325239 0.140141
-0.156777 -0.628700 -0.069505
-0.006014 -0.619416 -0.122894
0.137527 -0.155996 0.165381
0.113515 0.395656 -0.084142
-0.210077 -0.135122 -0.052927
0.082817 -0.411648 -0.198685
-0.080565 0.735363 0.018081
-0.004676 0.350877 0.151577
0.114313 0.115347 0.178511
0.109061 -0.248487 -0.187606
-0.201185 -0.109881 -0.076727
0.104200 0.540388 0.042537
-0.171821 -0.091093 -0.129695
0.086393 0.681692 -0.025901
-0.215826 -0.406559 -0.009221
0.199141 -0.028939 0.081024
-0.024128 0.557582 0.107236
-0.008354 -0.041015 -0.216065
0.064547 -0.154318 0.205885
0.054839 -0.279646 0.209549
0.167740 0.282275 0.005699
-0.104410 0.466170 -0.072154
0.172147 0.252526 -0.029745
-0.119124 -0.374109 0.179584
0.114873 0.130195 -0.173170
0.025941 0.808901 -0.068499
-0.035385 0.644930 -0.088545
-0.213635 -0.115223 -0.025893
0.215013 -0.097317 0.014254
-0.008706 0.693969 -0.087721
-0.051870 -0.007135 0.209954
-0.051519 0.502455 0.108045
0.134948 0.374440 -0.055476
0.138118 -0.367204 -0.165310
0.155075 0.126093 0.139906
-0.089822 0.665755 -0.023412
0.071313 0.745783 0.038761
-0.084168 -0.085174 0.197802
-0.017417 -0.155713 0.214490
-0.136629 0.296230 0.090942
-0.199452 -0.367080 0.080529
0.006276 0.637819 0.096100
-0.071274 -0.424650 0.203104
-0.068284 0.583677 0.079890
-0.153385 0.333926 0.022284
0.030176 0.149060 0.199435
-0.058351 0.412587 0.124593
-0.075136 -0.175163 0.201543
-0.044470 -0.512752 -0.211126
0.078424 -0.309716 0.200137
-0.050273 0.067190 0.210165
0.212984 -0.344863 -0.030042
0.104261 0.090665 -0.189817
-0.153682 -0.192597 0.152953
0.166420 -0.387956 0.136216
0.151504 -0.606071 0.140182
-0.099007 -0.617194 0.171278
0.073373 0.753565 -0.031497
0.020644 0.560441 -0.107556
-0.195810 -0.408873 0.089297
0.122626 -0.078092 0.176815
0.203339 -0.535097 0.070315
-0.008283 0.256974 0.173691
0.203668 -0.487790 0.069726
0.100499 0.550801 -0.047077
-0.205057 -0.555773 -0.066710
-0.050890 0.127888 0.202758
0.124493 0.434527 -0.047292
-0.204991 -0.327456 -0.067535
0.136208 0.386125 0.045322
-0.057871 -0.033893 0.208694
-0.174343 -0.048114 -0.126409
0.171035 0.186568 0.087622
-0.013092 0.021808 -0.215441
0.033414 -0.205334 -0.212751
0.086821 -0.129609 -0.197041
0.079302 0.385535 -0.120097
0.025300 -0.324544 0.213438
0.063941 -0.361311 -0.206518
-0.175370 -0.394726 -0.125071
0.018609 -0.251468 0.214319
-0.151089 0.191737 0.115566
0.141663 0.083566 0.162207
0.213977 -0.497224 -0.021303
-0.000344 -0.535131 -0.216897
0.004839 -0.608100 -0.074583
0.200818 -0.555987 -0.076689
0.155551 -0.399364 -0.150763
0.215584 -0.200758 0.009919
-0.067569 -0.187217 -0.205058
0.051971 -0.417495 -0.210286
-0.049367 0.771722 -0.059949
0.053298 0.601229 -0.088043
0.033884 -0.628295 -0.146395
-0.145640 0.368493 -0.022029
0.068448 0.973790 -0.015491
-0.098136 -0.014133 -0.192397
0.044001 0.700267 -0.076037
-0.215096 -0.384528 0.014418
0.188402 -0.194423 0.106951
0.190663 0.100169 0.101492
0.182129 -0.601799 0.104146
-0.007178 0.506264 0.118864
0.026557 -0.181059 -0.213655
0.055407 -0.101038 -0.209856
-0.060762 -0.355503 -0.207878
0.193055 0.144108 0.064757
0.003793 -0.301003 -0.216651
-0.054425 0.128739 -0.202382
0.183783 -0.259265 -0.113969
0.166983 -0.349320 -0.135864
0.210252 -0.503369 0.049128
0.210531 -0.276543 0.048291
-0.203504 -0.603696 -0.041994
0.196871 0.028698 -0.086886
0.026112 0.483269 -0.121155
-0.190148 -0.533569 0.102419
0.002494 -0.499465 -0.216660
-0.170051 -0.180426 -0.132003
0.158899 -0.127358 -0.146398
-0.041522 -0.174048 0.211316
-0.183120 -0.164588 0.114589
-0.170348 -0.527926 -0.131272
0.062748 0.907619 -0.031265
-0.192770 0.127993 0.077605
0.172311 0.044953 -0.128919
0.117011 -0.176073 0.181124
-0.081100 -0.280479 0.199073
0.059878 0.156967 -0.191443
0.062980 -0.471061 0.206411
-0.175305 -0.375939 0.124774
-0.079014 -0.385094 -0.200318
0.123412 0.208541 -0.139678
0.129726 0.059053 0.171368
-0.132667 -0.550484 -0.169264
0.210072 -0.075001 0.051780
-0.163552 -0.584760 -0.138873
0.184219 -0.361521 0.113019
0.141459 -0.058672 0.162364
-0.206598 0.118895 0.042808
-0.069306 0.878898 0.009383
0.071799 -0.560888 0.202596
-0.072131 0.803820 0.016574
-0.040485 -0.612134 -0.085328
0.109667 0.473289 0.062202
-0.191552 -0.140297 -0.099981
0.184781 -0.499790 -0.112403
-0.128072 -0.587569 -0.171141
-0.166855 -0.205319 -0.136169
0.038558 -0.343104 -0.212075
-0.020462 0.603182 -0.100245
-0.077085 0.758329 -0.021155
0.017426 -0.623081 0.187793
-0.075259 0.723548 -0.037505
0.048404 -0.619821 0.113856
-0.158712 0.280636 0.054565
-0.041695 0.443897 -0.124916
-0.107766 -0.574936 0.187716
0.177639 -0.051627 0.121595
0.102522 -0.614055 0.008626
0.132585 0.159104 0.148896
-0.185157 0.204277 0.026139
0.129497 0.450179 0.010807
-0.212287 -0.229886 -0.036141
-0.194401 -0.463997 -0.092840
-0.099824 -0.500710 -0.191522
0.204997 -0.324086 -0.067269
0.129472 -0.628700 0.089956
-0.135304 -0.272521 0.167168
-0.004383 -0.602240 -0.022080
0.164635 -0.293191 0.138541
-0.211498 -0.526672 -0.040553
0.144920 0.158878 -0.138296
-0.052846 -0.438602 -0.210149
0.076706 0.132013 -0.192108
0.045100 0.794734 0.059334
0.053671 0.474065 -0.113343
-0.138378 -0.175793 0.164810
0.104737 0.168979 -0.167275
-0.212851 -0.358551 -0.031848
0.004020 0.295172 0.164769
0.212733 -0.163637 -0.031945
0.024815 0.726887 -0.080078
-0.017566 -0.068834 -0.214852
-0.023049 0.700549 0.084398
-0.058651 -0.113276 -0.208753
-0.208643 -0.070868 0.058338
0.038234 0.308474 -0.157487
0.050321 0.540763 0.100824
-0.216847 -0.226313 -0.001502
0.022145 -0.038576 0.213853
0.216745 0.020583 -0.001475
0.165168 -0.559014 -0.137800
-0.124960 -0.114256 -0.175487
0.212467 -0.446998 0.033031
0.070538 -0.010349 0.203403
-0.115194 -0.618025 -0.024648
0.124042 -0.620752 0.146603
0.092325 0.041997 0.194379
-0.087810 0.435358 -0.100394
0.169422 -0.075075 0.132304
0.037608 0.104291 -0.211604
0.018771 -0.186705 0.214298
0.139512 -0.450505 -0.164141
0.173193 0.157565 -0.102060
0.007895 0.114925 0.212101
-0.009418 -0.483140 0.215409
-0.180833 0.195002 -0.058741
0.069431 0.836053 0.019210
-0.137869 -0.625975 0.039554
-0.144465 -0.597445 -0.154544
0.075015 0.795781 -0.001450
0.032248 0.752018 -0.073424
-0.172266 0.166343 -0.099346
-0.198066 -0.161251 -0.084255
0.183778 0.126762 0.099970
0.179754 -0.285150 -0.119220
0.077608 0.700653 -0.039872
0.090582 0.591694 0.052002
0.120273 0.486446 0.026192
-0.150433 0.077253 -0.155940
-0.189770 -0.355019 0.103901
-0.105384 0.529811 0.044784
0.080417 0.356263 0.126990
0.116325 0.387159 0.083175
-0.117597 0.433352 0.064445
0.091849 0.662935 -0.010365
-0.131215 0.375096 -0.064364
0.206008 -0.270660 -0.064830
-0.077261 0.690630 -0.044783
0.123724 0.049984 -0.176355
-0.094307 -0.612025 -0.001411
0.211950 -0.299124 0.037518
-0.082109 0.563009 0.071426
-0.200709 -0.579699 -0.077104
-0.153501 -0.156666 -0.153571
0.068428 0.217549 0.169983
-0.099287 -0.194214 -0.191921
-0.073052 0.837522 -0.018207
0.216769 -0.048888 -0.001294
0.043085 0.921952 0.054829
-0.068598 0.814446 -0.023921
-0.029679 -0.281428 -0.213257
-0.185785 -0.546481 -0.111103
0.210848 0.013135 -0.046270
0.180995 -0.424408 0.117164
0.154336 -0.255855 -0.152345
-0.137441 -0.205251 -0.165910
0.128309 -0.327389 -0.172836
-0.097588 0.310194 -0.127710
-0.073275 0.321412 0.140390
0.205651 -0.091451 -0.065690
-0.091530 -0.405294 0.194749
-0.195798 0.028213 -0.089733
0.069155 0.644303 0.066083
0.116501 0.420309 -0.071716
0.010417 0.945870 -0.069327
-0.186594 -0.614479 0.069526
0.123783 -0.539004 -0.176023
0.004613 -0.392501 0.216161
0.131329 0.330352 -0.084894
-0.216230 -0.530285 -0.004558
-0.031539 -0.372854 -0.213012
0.207796 0.126379 0.016700
-0.074893 0.011625 -0.202025
0.003789 -0.166178 0.216270
0.031052 0.596400 -0.098741
-0.138209 -0.440263 0.164861
0.087550 -0.597099 0.191380
0.079522 0.753516 0.006930
-0.035818 -0.587716 0.210462
0.060555 0.092894 -0.207921
-0.073643 0.772189 0.024320
-0.017764 -0.256909 0.214444
-0.076242 0.279115 -0.150386
0.021775 -0.140120 0.213903
0.010757 0.152524 -0.201385
0.123455 -0.624025 0.059044
-0.194768 -0.436162 -0.092076
0.037711 0.327644 0.152622
0.146761 -0.077882 -0.158678
-0.125645 0.147670 -0.158759
0.010587 -0.615091 -0.198942
0.209575 -0.194207 -0.055930
-0.107344 0.443106 -0.076098
0.212427 -0.368633 -0.034273
0.209663 -0.115336 0.054889
0.063134 0.319478 -0.145422
0.162335 -0.033069 -0.141920
-0.159545 -0.041078 -0.145695
-0.144345 0.046165 -0.160613
-0.016346 -0.605358 0.053746
-0.068093 0.885632 -0.018614
-0.007715 0.205737 -0.187361
0.082668 -0.610178 -0.021964
0.158044 0.164113 -0.118819
0.166115 -0.614416 -0.110666
0.156322 0.221556 -0.095958
-0.029130 0.220199 -0.180662
-0.210315 -0.444838 -0.050590
0.197448 0.167996 -0.006305
0.112058 -0.605129 0.173789
0.048692 0.868372 0.046355
-0.215394 -0.479766 -0.011554
0.068936 0.974948 0.011396
0.214180 -0.209863 -0.020962
0.041218 -0.548856 -0.211478
-0.189057 -0.123541 0.105622
0.201762 0.124780 -0.058398
-0.210406 0.051855 -0.050427
-0.013670 -0.336175 0.214983
-0.216078 -0.254904 0.006956
-0.194284 0.051877 -0.093386
-0.047886 0.699005 0.072987
0.116389 0.326417 0.105504
0.117187 -0.558634 0.180661
0.081581 0.104940 -0.198374
-0.056223 0.181885 -0.185734
-0.016183 0.998552 -0.021371
-0.006411 0.912716 -0.069868
0.090483 -0.438177 -0.195461
-0.214511 -0.297771 -0.019247
0.137392 -0.132759 0.165485
-0.061611 -0.508022 0.206955
0.213157 0.093155 -0.028733
0.079943 0.243477 -0.158479
0.175099 0.226898 0.049956
-0.189007 -0.183970 -0.106126
-0.181542 0.082649 -0.117026
-0.104054 0.138915 -0.178446
0.141958 0.206308 0.120961
-0.038107 -0.080939 -0.212148
-0.174249 0.248038 -0.023206
0.141549 -0.115092 -0.162677
-0.164811 0.134032 -0.124049
-0.006401 -0.628700 -0.160359
0.203481 -0.504697 -0.070485
-0.047332 -0.157386 -0.210933
-0.176580 -0.486744 0.122883
0.007648 0.891459 -0.069691
-0.179984 -0.306264 -0.119058
-0.212827 -0.456269 0.030980
0.110733 0.531645 -0.031156
0.037553 0.126468 -0.205287
0.027945 0.828025 0.064870
-0.044711 0.743666 0.067787
0.079434 0.497914 0.090775
-0.046571 -0.264353 0.210652
0.006004 -0.270664 0.215978
-0.164433 -0.354153 -0.139324
-0.110924 0.047229 0.185875
-0.187430 0.191537 -0.035226
-0.209764 -0.043387 -0.055298
0.000254 0.559177 0.110083
0.062412 0.739021 -0.053038
-0.166889 -0.628700 0.036862
0.056564 0.422526 0.123081
-0.049535 0.998552 0.020743
-0.173276 -0.434923 -0.127713
0.189192 -0.013647 -0.105427
-0.025654 -0.628700 0.157632
-0.057291 -0.597001 -0.204378
0.097133 -0.602966 -0.184662
0.149131 0.361657 0.005863
-0.027792 0.998458 0.048057
-0.092141 0.217984 0.160079
0.097336 -0.625057 0.101320
0.011072 0.290925 -0.165231
-0.184921 0.120273 0.102258
-0.205566 0.134464 -0.017306
-0.168970 -0.081070 0.133029
0.092347 -0.287034 -0.194752
0.052554 -0.627067 0.135787
-0.126187 -0.094130 0.174164
0.128044 -0.023795 -0.173040
0.087745 0.688818 0.012201
-0.210143 0.104913 -0.046551
0.199030 0.052578 0.081291
0.116049 -0.021384 0.181862
-0.068993 -0.625111 -0.172068
-0.158380 0.322823 -0.004760
-0.126486 -0.014645 -0.174317
0.011817 0.518438 0.115902
0.078846 -0.617713 0.085743
-0.149192 0.328965 0.047723
-0.119323 -0.311727 -0.179813
-0.048882 -0.608645 -0.060514
-0.081478 -0.376414 0.198916
-0.188694 -0.256407 -0.106884
-0.054706 0.953189 -0.043807
0.014424 0.379787 -0.144237
-0.038192 -0.546846 -0.211894
-0.089854 0.370007 -0.116395
0.197201 -0.238111 0.085706
-0.215421 -0.003142 0.011948
0.164745 0.233407 -0.071072
0.125038 -0.074337 -0.175347
-0.049127 0.564335 -0.097264
0.086557 0.449929 0.097122
-0.182429 0.158506 -0.080411
0.212233 -0.571907 -0.033584
-0.190717 -0.399987 -0.101999
0.188403 0.181336 -0.047827
0.024030 -0.603238 -0.026677
-0.028559 -0.417986 0.212998
0.195468 0.003230 -0.090275
0.038495 0.939625 -0.058733
0.190826 -0.237888 -0.101479
-0.072828 0.482035 -0.100117
-0.216976 0.037791 0.000146
-0.193907 -0.055057 -0.094298
0.002069 -0.214358 0.216496
0.113894 0.372773 -0.091931
-0.023931 0.344590 -0.150821
-0.020416 0.800133 -0.071941
-0.128496 0.447807 0.022941
0.067947 0.487616 -0.102443
0.066403 0.940128 -0.022440
-0.125807 0.301624 -0.103341
0.215497 -0.375424 0.010572
-0.034240 0.915315 -0.061701
-0.035026 0.036944 -0.212554
0.190637 -0.131273 -0.101937
0.103630 -0.050066 0.189696
0.002633 0.251770 -0.176119
-0.008953 0.130061 -0.208042
-0.198908 0.012896 0.081841
0.046485 0.895051 0.052221
-0.122942 -0.628700 0.091930
0.151778 0.195620 -0.113216
0.062306 0.862688 -0.018277
0.214303 -0.476058 0.018710
-0.096618 -0.115778 0.192644
0.077564 0.105188 0.199579
-0.166643 0.025662 -0.136443
-0.123695 -0.141156 0.176076
0.165587 -0.628700 -0.026128
-0.018628 0.739660 -0.080094
-0.018010 0.145287 0.202126
-0.016676 0.182500 -0.192417
0.011628 -0.617049 0.113037
-0.058072 -0.311454 0.208611
0.071684 0.816965 -0.007789
0.133984 0.407326 0.038593
0.166666 -0.333850 0.135895
0.216697 -0.489863 0.000351
-0.199491 0.135719 0.055673
0.204892 0.009694 -0.067522
-0.071016 -0.610762 0.051261
0.029828 -0.604075 0.033659
-0.202928 -0.087478 -0.072517
-0.049660 -0.076121 0.210245
-0.101877 0.512151 -0.061074
-0.166031 0.287530 0.009938
0.053003 0.625251 0.083020
-0.073771 0.142778 -0.190073
-0.052234 0.810853 0.051438
0.103940 -0.067333 -0.189950
0.067398 0.779932 -0.037099
0.001411 0.607098 -0.102104
-0.213688 -0.272579 -0.025497
-0.078814 -0.620391 0.098180
-0.200229 -0.207698 0.078654
-0.207604 -0.430586 0.060731
-0.155705 -0.458497 0.150166
-0.136791 0.275476 0.098944
0.020872 0.986369 0.066245
-0.089762 -0.405767 -0.195862
-0.110007 -0.066995 -0.186961
-0.213081 -0.087460 -0.030102
0.170624 0.002015 -0.131118
-0.011198 -0.244469 -0.215690
-0.051945 0.470456 0.114462
-0.076489 0.539305 0.083412
0.172749 -0.621038 -0.083670
-0.081162 -0.319803 -0.199428
0.074691 0.679948 -0.050557
0.152494 0.033430 0.153897
-0.094629 -0.568485 -0.193551
0.048790 -0.199393 0.210346
-0.099796 -0.461061 0.191224
0.188340 -0.444297 -0.107305
-0.214147 -0.041709 0.021630
0.028977 0.936612 0.063455
-0.153150 -0.620295 0.116771
-0.216419 0.090759 0.004367
-0.179010 -0.568078 -0.119875
0.194229 -0.537318 0.092297
-0.211192 -0.313748 -0.044453
-0.027439 0.307733 0.158716
0.016926 0.749817 0.078576
-0.140050 0.228429 -0.114453
0.089007 0.348643 -0.122896
0.189816 -0.514294 0.103052
0.071717 -0.448758 0.202833
-0.026325 -0.604584 -0.043983
0.079830 0.520033 0.085163
-0.136580 0.401249 0.035160
0.016908 0.371034 0.145472
-0.020326 -0.616348 0.109322
0.063164 0.558740 -0.089638
0.064341 0.178305 0.182977
0.195449 -0.388805 0.089939
0.053777 -0.372566 0.209689
-0.017547 -0.440303 0.214410
-0.032809 0.436586 0.129310
-0.093124 -0.332538 0.194092
-0.065700 0.900871 0.024009
0.173232 -0.100692 -0.127719
0.200014 -0.161081 -0.079299
0.063464 0.799531 0.038838
-0.206117 -0.127057 0.064436
0.151933 -0.628700 0.000632
-0.035832 0.579124 0.099580
-0.113784 0.499132 0.039662
-0.077630 0.280301 0.149107
-0.016460 -0.620948 0.191026
0.092428 0.188730 0.168341
0.167568 -0.134815 0.134719
0.137206 0.344645 0.066797
0.067199 0.062758 -0.205168
0.140527 -0.627197 -0.114286
-0.131575 -0.619678 -0.143036
0.032766 0.229434 0.177419
-0.136596 -0.623834 0.006224
0.165161 -0.468772 -0.138060
0.135068 0.297947 -0.092556
-0.014750 -0.189467 -0.215222
-0.079983 0.040314 0.199535
-0.180200 0.186332 0.065913
-0.044986 -0.115073 0.210860
0.144178 0.294863 0.080560
0.097243 0.509361 -0.067847
0.092717 -0.627977 0.154451
-0.139940 0.162189 0.142239
-0.078570 0.408085 -0.114544
0.136276 -0.221243 0.166341
-0.051537 0.232296 0.172942
-0.086019 -0.520184 -0.197204
0.093752 0.641004 0.021105
0.195679 -0.305980 -0.089765
-0.046035 0.371540 0.139354
0.076539 0.182192 -0.177186
-0.126450 -0.561805 0.173629
-0.085049 0.631986 -0.049071
0.192106 0.084022 -0.098392
0.196047 -0.084894 -0.088875
0.017485 0.200866 0.186987
-0.216077 -0.571685 0.004807
0.026427 -0.492836 -0.213521
-0.023564 0.006718 0.213680
0.014243 -0.608144 0.073263
-0.209968 -0.584058 0.046735
0.005431 0.007198 -0.216436
-0.063679 0.605933 -0.079205
0.056125 -0.225704 0.209374
0.099648 -0.010971 0.191346
0.089100 0.611689 -0.047560
-0.166856 -0.277835 0.135785
0.177808 -0.118110 0.121374
-0.062195 0.157321 0.190036
-0.011322 0.563435 -0.108267
-0.072323 0.781939 -0.024852
-0.212958 -0.015579 -0.031046
0.049175 -0.613722 0.089425
0.120960 0.243550 0.129848
-0.168282 0.260949 0.043344
-0.053824 -0.485230 -0.209940
-0.102936 0.441684 0.081940
-0.155757 0.261748 -0.074457
-0.097465 0.628288 -0.009743
0.057177 0.394044 0.129328
0.146280 0.355707 -0.037944
-0.043477 0.791612 0.061120
0.100486 -0.616451 -0.049098
-0.142994 -0.110804 0.161267
0.202440 0.054584 -0.073441
-0.053786 0.847701 0.055675
-0.126113 0.228060 0.130870
0.170494 -0.218663 0.130906
0.148165 0.129225 -0.147838
0.151289 0.018872 -0.155203
0.042864 -0.573053 0.210839
0.018588 -0.377669 -0.214703
-0.208664 -0.177305 0.058288
0.066953 -0.589690 -0.202997
-0.209404 -0.539274 0.055906
0.213754 -0.031601 0.023810
-0.193768 -0.087937 -0.094634
-0.133405 -0.529138 -0.168741
-0.006720 0.611393 0.100341
0.040356 0.852004 -0.058205
0.030765 -0.063263 -0.213101
-0.136557 0.268611 -0.102458
-0.215921 -0.081918 0.008154
-0.116523 0.471307 -0.047272
-0.129203 0.128442 0.162498
-0.187164 -0.616020 -0.064711
-0.090346 -0.037327 0.195242
-0.139557 -0.231625 0.163904
0.169668 -0.515785 0.131673
-0.188571 -0.243377 0.106796
0.091333 -0.452998 0.194700
-0.001017 -0.339893 -0.217031
-0.201194 -0.502128 -0.076272
-0.091393 -0.619964 -0.085555
-0.136542 0.383232 0.046438
0.095563 0.264171 0.142819
-0.115583 -0.489677 -0.182501
0.181170 -0.474765 0.116797
0.101290 -0.625379 -0.099364
0.023470 -0.610596 -0.084437
0.091999 0.543169 0.064122
0.038032 0.994607 0.051580
-0.164612 -0.268277 -0.139091
-0.091947 -0.547491 0.194318
-0.211820 -0.202042 0.039304
-0.042373 -0.318862 -0.211586
-0.070039 0.969966 -0.004199
0.044656 0.769928 -0.063781
-0.008688 0.418867 -0.136536
0.045721 0.731958 0.068871
0.215650 0.046444 -0.009791
0.066534 0.837140 -0.033416
0.020099 -0.539631 -0.214275
